1	0.5
1.047619        0.517974
1.095238        0.532814
1.142857        0.546885
1.190476        0.560179
1.238095        0.572709
1.285714        0.584495
1.333333        0.595562
1.380952        0.605941
1.428571        0.615662
1.476190        0.624757
1.523810        0.633257
1.571429        0.641192
1.619048        0.648591
1.666667        0.655481
1.714286        0.661890
1.761905        0.667840
1.809524        0.673357
1.857143        0.678462
1.904762        0.683176
1.952381        0.687519
2	0.6931471